19852777
19632482
19954312
19718214
19109038
19779774
19271844
19702595
19259662
19876162
20068495
20066911
19292458
20064132
20062827
20061582
20059067
20057543
19865149
20052766
20023720
20024010
20026309
20026468
20026516
20028099
20030008
20031137
20031159
20037423
20037440
20037651
20039422
20041723
20042133
20043655
20044339
20049693
20050110
20051031
19985467
19986964
19990235
19992767
19993450
20003312
20005766
20007775
20007803
20008038
19959817
20012028
20013212
20015586
20015623
20017476
20017637
20019895
20021114
20022639
19959470
19960741
19966157
19967205
19968091
19969355
19970041
19970336
19971550
19973868
19976393
19977255
19977471
19978479
19978486
19835188
19980510
19980817
19982080
18358288
19937794
19938031
19938066
19944805
19601131
19950583
19950752
19953938
19688264
19954185
19955130
19957143
19309050
19958793
19958864
19958877
19959035
19959230
19959636
19959688
19901162
19901170
19901178
19904767
19912200
19701260
19914505
19916029
19917433
19923481
19924073
19926255
19928258
19929359
19932786
19933573
19933929
19933935
19935469
19937702
19854312
19855040
19859078
19862371
19865712
19868902
19869460
19872527
19873134
19873198
19878847
19883761
19818105
19884289
19884354
19887518
19888241
19890943
19894780
19896357
19775545
19778027
19789505
19797533
19812552
19816031
19816228
19822603
19824865
19826648
19828187
19839730
19842066
19843074
19843155
19843402
19843416
19844753
19846514
19848950
19719264
19719426
19722842
19724187
19726678
19728293
19731175
19471838
19739912
19738571
19739965
19743653
19745783
19762137
19763528
19764280
19772534
19773772
19773824
19775250
19652001
19652361
19661376
19668024
19668304
19670092
19673399
19673528
19673558
19540806
19688017
19697455
19698572
19699267
19701244
16074412
19703397
19706636
19707554
19708496
19597703
19600554
19605526
19605683
19608830
19610494
19616721
19620791
19621479
19627668
19628071
19629455
19630148
19630283
19633722
19643067
19646401
19646689
19648894
19650945
19502873
19508290
19513238
19527096
19531028
19533111
19266092
19542964
19546619
19563319
19567904
19573000
19573003
19573270
19576865
19580990
19580117
19589309
19594344
19596465
19422674
19425100
19446186
19447624
19447715
19447811
19448292
19448393
19449333
19449340
19449490
19449542
19462315
19464333
19475023
19481190
19482624
19485362
19490714
19493224
18764240
18786688
18860752
18911084
18912493
18918595
18946890
18998174
19134718
19153977
19170681
19179992
19229516
19234931
19249097
19297910
19305777
19331712
19394401
19407388
15339549
16778254
16807028
17696630
17946422
18074100
18116628
16172186
18245548
18575166
18698261

http://www.loopnet.com/for-lease/retail/?sk=8851a4ec07e22218973d536400ac35d6&bb=9n--qq-5vHp50lwU&sc=908